 CS    | #Hits    | #Miss   |
-----------------------------
   3   |   1  |   0  |
-----------------------------
   3   |   0  |   0  |
-----------------------------
   3   |   1084  |   0  |
-----------------------------
   3   |   1133  |   0  |
-----------------------------
   2   |   10262  |   1084  |
-----------------------------
   3   |   1211  |   0  |
-----------------------------
   3   |   11815  |   1133  |
-----------------------------
   3   |   3334  |   0  |
-----------------------------
   0   |   0  |   1071  |
-----------------------------
   0   |   1178  |   10275  |
-----------------------------
   3   |   928  |   296  |
-----------------------------
   3   |   2818  |   915  |
-----------------------------
   0   |   1287  |   11717  |
-----------------------------
   1   |   3741  |   1231  |
-----------------------------
   3   |   4978  |   1649  |
-----------------------------
   3   |   4883  |   1685  |
-----------------------------
   3   |   1  |   0  |
-----------------------------
   1   |   1146  |   1071  |
-----------------------------
   3   |   3330  |   8143  |
-----------------------------
   3   |   11839  |   3310  |
-----------------------------
   3   |   866  |   312  |
-----------------------------
   1   |   2834  |   912  |
-----------------------------
   3   |   3792  |   1236  |
-----------------------------
   3   |   7364  |   2497  |
-----------------------------
   0   |   1  |   1146  |
-----------------------------
   0   |   3310  |   11859  |
-----------------------------
   3   |   2489  |   1211  |
-----------------------------
   0   |   7395  |   3761  |
-----------------------------
   3   |   1603  |   1708  |
-----------------------------
   3   |   4965  |   4919  |
-----------------------------
   0   |   0  |   6568  |
-----------------------------
   3   |   0  |   0  |
